%YAML:1.0
---
ft object:
   V: !!opencv-matrix
      rows: 152
      cols: 6
      dt: f
      data: [ 0., 0., 1.14707865e-01, 0., 1.53399099e-10, 2.32329220e-01,
          0., 0., 0., 1.14707865e-01, -9.15879831e-02, 3.00145020e-10,
          0., 0., 1.14707865e-01, 0., -4.86189318e-11, 2.34620914e-01,
          0., 0., 0., 1.14707865e-01, -2.48340592e-02, 2.60901967e-10,
          0., 0., 1.14707865e-01, 0., -7.60200167e-11, 2.27403432e-01,
          0., 0., 0., 1.14707865e-01, 3.72254066e-02, 2.61916627e-10, 0.,
          0., 1.14707865e-01, 0., -3.46059348e-10, 2.11541489e-01, 0.,
          0., 0., 1.14707865e-01, 1.02424636e-01, 3.14815840e-10, 0., 0.,
          1.14707865e-01, 0., -9.49326590e-11, 1.80918425e-01, 0., 0.,
          0., 1.14707865e-01, 1.62382796e-01, 3.13250648e-10, 0., 0.,
          1.14707865e-01, 0., -3.20069776e-10, 1.33217350e-01, 0., 0.,
          0., 1.14707865e-01, 2.05355406e-01, 1.18793281e-10, 0., 0.,
          1.14707865e-01, 0., -1.49955548e-10, 7.22026080e-02, 0., 0.,
          0., 1.14707865e-01, 2.37383828e-01, 1.08415117e-11, 0., 0.,
          1.14707865e-01, 0., -3.28358118e-10, 7.84714881e-04, 0., 0.,
          0., 1.14707865e-01, 2.49155104e-01, -1.14627786e-10, 0., 0.,
          1.14707865e-01, 0., -2.70650113e-10, -7.06615970e-02, 0., 0.,
          0., 1.14707865e-01, 2.37764791e-01, -8.77401554e-11, 0., 0.,
          1.14707865e-01, 0., -1.61002114e-10, -1.31940722e-01, 0., 0.,
          0., 1.14707865e-01, 2.06071094e-01, -2.59228167e-10, 0., 0.,
          1.14707865e-01, 0., -2.02051736e-10, -1.79949030e-01, 0., 0.,
          0., 1.14707865e-01, 1.63358182e-01, -3.28695682e-10, 0., 0.,
          1.14707865e-01, 0., -7.02031835e-11, -2.11017981e-01, 0., 0.,
          0., 1.14707865e-01, 1.03555694e-01, -4.59415950e-10, 0., 0.,
          1.14707865e-01, 0., -3.55162635e-11, -2.27293074e-01, 0., 0.,
          0., 1.14707865e-01, 3.84266078e-02, -3.50865503e-10, 0., 0.,
          1.14707865e-01, 0., 8.61512736e-11, -2.34914660e-01, 0., 0.,
          0., 1.14707865e-01, -2.36022715e-02, -2.78464335e-10, 0., 0.,
          1.14707865e-01, 0., -8.94145435e-12, -2.33128935e-01, 0., 0.,
          0., 1.14707865e-01, -9.03658792e-02, -2.56171057e-10, 0., 0.,
          1.14707865e-01, 0., 1.08043893e-10, -1.86260790e-01, 0., 0.,
          0., 1.14707865e-01, -1.30346388e-01, -1.87510910e-10, 0., 0.,
          1.14707865e-01, 0., 2.46278858e-10, -1.44711271e-01, 0., 0.,
          0., 1.14707865e-01, -1.61112949e-01, -1.00479548e-10, 0., 0.,
          1.14707865e-01, 0., 2.22541915e-10, -9.44530070e-02, 0., 0.,
          0., 1.14707865e-01, -1.60870209e-01, -2.05212847e-10, 0., 0.,
          1.14707865e-01, 0., 1.06785157e-10, -4.79012318e-02, 0., 0.,
          0., 1.14707865e-01, -1.36507422e-01, 3.47476076e-11, 0., 0.,
          1.14707865e-01, 0., 1.51985313e-10, -9.67907310e-02, 0., 0.,
          0., 1.14707865e-01, -1.37079403e-01, -2.61134253e-10, 0., 0.,
          1.14707865e-01, 0., 1.67029293e-10, -1.42101169e-01, 0., 0.,
          0., 1.14707865e-01, -1.37993544e-01, -1.98800337e-10, 0., 0.,
          1.14707865e-01, 0., -3.32633725e-12, 1.85178250e-01, 0., 0.,
          0., 1.14707865e-01, -1.31318450e-01, -7.58137650e-11, 0., 0.,
          1.14707865e-01, 0., 2.05501297e-10, 1.43491834e-01, 0., 0., 0.,
          1.14707865e-01, -1.61871478e-01, 4.15713575e-10, 0., 0.,
          1.14707865e-01, 0., 1.34205411e-10, 9.32368562e-02, 0., 0., 0.,
          1.14707865e-01, -1.61366880e-01, 7.91764640e-11, 0., 0.,
          1.14707865e-01, 0., 1.34266404e-10, 4.67655398e-02, 0., 0., 0.,
          1.14707865e-01, -1.36759296e-01, 1.61427538e-10, 0., 0.,
          1.14707865e-01, 0., 1.00561157e-10, 9.57635120e-02, 0., 0., 0.,
          1.14707865e-01, -1.37587160e-01, 1.36983355e-10, 0., 0.,
          1.14707865e-01, 0., 1.69160713e-10, 1.41069576e-01, 0., 0., 0.,
          1.14707865e-01, -1.38736650e-01, 1.98951230e-10, 0., 0.,
          1.14707865e-01, 0., 9.26388619e-11, 1.47438273e-01, 0., 0., 0.,
          1.14707865e-01, -9.03981179e-02, 1.46929066e-10, 0., 0.,
          1.14707865e-01, 0., 1.08606825e-10, 1.08636558e-01, 0., 0., 0.,
          1.14707865e-01, -1.08472750e-01, 2.63391198e-10, 0., 0.,
          1.14707865e-01, 0., 6.58492011e-11, 6.75370544e-02, 0., 0., 0.,
          1.14707865e-01, -8.94939154e-02, 1.07468666e-10, 0., 0.,
          1.14707865e-01, 0., 5.21423009e-11, 1.08640797e-01, 0., 0., 0.,
          1.14707865e-01, -7.87080973e-02, 2.36897141e-10, 0., 0.,
          1.14707865e-01, 0., 1.15508700e-10, 1.07947707e-01, 0., 0., 0.,
          1.14707865e-01, -9.45601687e-02, 2.15943513e-10, 0., 0.,
          1.14707865e-01, 0., 8.99949629e-11, -1.48038998e-01, 0., 0.,
          0., 1.14707865e-01, -8.96257609e-02, -1.85455609e-10, 0., 0.,
          1.14707865e-01, 0., 2.21396540e-10, -1.09412968e-01, 0., 0.,
          0., 1.14707865e-01, -1.07900009e-01, -3.21016512e-11, 0., 0.,
          1.14707865e-01, 0., 1.77454676e-10, -6.81819618e-02, 0., 0.,
          0., 1.14707865e-01, -8.91355053e-02, -1.24188521e-10, 0., 0.,
          1.14707865e-01, 0., 3.49079272e-12, -1.08987227e-01, 0., 0.,
          0., 1.14707865e-01, -7.81333894e-02, -1.00573654e-10, 0., 0.,
          1.14707865e-01, 0., 1.38485057e-10, -1.08723149e-01, 0., 0.,
          0., 1.14707865e-01, -9.39923525e-02, -2.06836187e-10, 0., 0.,
          1.14707865e-01, 0., 9.92567417e-11, 2.59437263e-02, 0., 0., 0.,
          1.14707865e-01, -9.26473364e-02, 2.01854141e-11, 0., 0.,
          1.14707865e-01, 0., 5.35541715e-11, 3.43504399e-02, 0., 0., 0.,
          1.14707865e-01, -3.49808894e-02, 2.78971169e-11, 0., 0.,
          1.14707865e-01, 0., 2.03391800e-11, 7.14895949e-02, 0., 0., 0.,
          1.14707865e-01, 3.29029956e-03, 9.91842580e-11, 0., 0.,
          1.14707865e-01, 0., -5.00742434e-11, 5.53368889e-02, 0., 0.,
          0., 1.14707865e-01, 2.95208059e-02, 1.18493215e-10, 0., 0.,
          1.14707865e-01, 0., -1.76230783e-11, 3.79701560e-05, 0., 0.,
          0., 1.14707865e-01, 3.90215740e-02, 3.52483472e-12, 0., 0.,
          1.14707865e-01, 0., -3.58713146e-12, -5.53216003e-02, 0., 0.,
          0., 1.14707865e-01, 2.98106670e-02, -8.87354495e-11, 0., 0.,
          1.14707865e-01, 0., 1.56895781e-11, -7.16511533e-02, 0., 0.,
          0., 1.14707865e-01, 3.67038394e-03, -6.66417893e-11, 0., 0.,
          1.14707865e-01, 0., 6.90045590e-11, -3.47920395e-02, 0., 0.,
          0., 1.14707865e-01, -3.48013155e-02, -7.30101118e-11, 0., 0.,
          1.14707865e-01, 0., 1.40263703e-10, -2.67806463e-02, 0., 0.,
          0., 1.14707865e-01, -9.25103500e-02, -6.23764096e-11, 0., 0.,
          1.14707865e-01, 0., -4.16104790e-11, 3.70975547e-02, 0., 0.,
          0., 1.14707865e-01, 1.96567234e-02, 4.60143590e-11, 0., 0.,
          1.14707865e-01, 0., -1.87956734e-11, -3.71577442e-02, 0., 0.,
          0., 1.14707865e-01, 1.98501740e-02, -3.92950880e-11, 0., 0.,
          1.14707865e-01, 0., -1.13716835e-10, 9.15028527e-02, 0., 0.,
          0., 1.14707865e-01, 1.01697333e-01, 5.53091288e-11, 0., 0.,
          1.14707865e-01, 0., -1.13825199e-10, 5.63537888e-02, 0., 0.,
          0., 1.14707865e-01, 8.01783949e-02, 1.17385962e-10, 0., 0.,
          1.14707865e-01, 0., -6.85159360e-11, 2.11548060e-02, 0., 0.,
          0., 1.14707865e-01, 7.26426318e-02, 5.56023153e-12, 0., 0.,
          1.14707865e-01, 0., -5.92307037e-11, 1.62495708e-04, 0., 0.,
          0., 1.14707865e-01, 7.59926885e-02, -5.25413220e-11, 0., 0.,
          1.14707865e-01, 0., -6.29341509e-11, -2.08453164e-02, 0., 0.,
          0., 1.14707865e-01, 7.27517232e-02, -2.64679858e-11, 0., 0.,
          1.14707865e-01, 0., -8.01514341e-11, -5.59896939e-02, 0., 0.,
          0., 1.14707865e-01, 8.04734752e-02, -8.82000167e-11, 0., 0.,
          1.14707865e-01, 0., -1.17317572e-10, -9.09774005e-02, 0., 0.,
          0., 1.14707865e-01, 1.02180444e-01, -1.04433850e-10, 0., 0.,
          1.14707865e-01, 0., -6.77249021e-11, -6.87694550e-02, 0., 0.,
