%YAML:1.0
---
ft object:
   V: !!opencv-matrix
      rows: 152
      cols: 5
      dt: f
      data: [ 1.82157466e-11, 9.10519436e-02, 1.14707865e-01,
          1.68801396e-11, 2.32519150e-01, -9.10519436e-02,
          1.82157466e-11, -1.68801396e-11, 1.14707865e-01,
          -4.06313212e-11, 7.74169270e-11, 2.42205914e-02,
          1.14707865e-01, 4.49026189e-12, 2.34666020e-01,
          -2.42205914e-02, 7.74169270e-11, -4.49026189e-12,
          1.14707865e-01, -2.69461224e-11, 5.12317896e-11,
          -3.77456918e-02, 1.14707865e-01, -6.99768151e-12,
          2.27386460e-01, 3.77456918e-02, 5.12317896e-11, 6.99768151e-12,
          1.14707865e-01, -3.16322593e-11, 5.46472451e-11,
          -1.02912284e-01, 1.14707865e-01, -1.90789294e-11,
          2.11436838e-01, 1.02912284e-01, 5.46472451e-11, 1.90789294e-11,
          1.14707865e-01, -4.74813938e-11, 3.47237690e-11,
          -1.63155243e-01, 1.14707865e-01, -3.02473845e-11,
          1.80710912e-01, 1.63155243e-01, 3.47237690e-11, 3.02473845e-11,
          1.14707865e-01, 1.21093496e-10, -2.61851357e-11,
          -2.05942452e-01, 1.14707865e-01, -3.81797163e-11,
          1.33082703e-01, 2.05942452e-01, -2.61851357e-11,
          3.81797163e-11, 1.14707865e-01, -1.20116278e-10,
          2.50466523e-11, -2.37652645e-01, 1.14707865e-01,
          -4.40584756e-11, 7.20513687e-02, 2.37652645e-01,
          2.50466523e-11, 4.40584756e-11, 1.14707865e-01,
          -1.55435345e-10, -1.24206504e-11, -2.49358669e-01,
          1.14707865e-01, -4.62286598e-11, 5.87570888e-04,
          2.49358669e-01, -1.24206496e-11, 4.62286598e-11,
          1.14707865e-01, -3.11308488e-12, -7.40014734e-12,
          -2.37950444e-01, 1.14707865e-01, -4.41136849e-11,
          -7.08908439e-02, 2.37950444e-01, -7.40014647e-12,
          4.41136849e-11, 1.14707865e-01, -2.31335159e-10,
          -1.42879764e-10, -2.06496283e-01, 1.14707865e-01,
          -3.82823946e-11, -1.32142156e-01, 2.06496283e-01,
          -1.42879764e-10, 3.82823946e-11, 1.14707865e-01,
          -3.35797952e-11, -6.43243583e-11, -1.63908511e-01,
          1.14707865e-01, -3.03870366e-11, -1.80003494e-01,
          1.63908511e-01, -6.43243583e-11, 3.03870366e-11,
          1.14707865e-01, 3.76427119e-11, -1.22387059e-10,
          -1.03793457e-01, 1.14707865e-01, -1.92422935e-11,
          -2.11060375e-01, 1.03793457e-01, -1.22387059e-10,
          1.92422935e-11, 1.14707865e-01, -4.43966877e-11,
          3.75699818e-11, -3.86931300e-02, 1.14707865e-01,
          -7.17332704e-12, -2.27337867e-01, 3.86931300e-02,
          3.75699818e-11, 7.17332704e-12, 1.14707865e-01, 2.16387862e-11,
          -2.06065651e-10, 2.32429858e-02, 1.14707865e-01,
          4.30901929e-12, -2.34939322e-01, -2.32429858e-02,
          -2.06065651e-10, -4.30901929e-12, 1.14707865e-01,
          3.08253184e-12, -1.71911124e-10, 9.00809839e-02,
          1.14707865e-01, 1.67001309e-11, -2.33199030e-01,
          -9.00809839e-02, -1.71911124e-10, -1.67001309e-11,
          1.14707865e-01, -3.93084384e-11, -3.64314932e-11,
          1.30470201e-01, 1.14707865e-01, 2.41878999e-11,
          -1.86133623e-01, -1.30470201e-01, -3.64314932e-11,
          -2.41878999e-11, 1.14707865e-01, 1.48380891e-10,
          -1.32633404e-10, 1.61237642e-01, 1.14707865e-01,
          2.98918772e-11, -1.44464195e-01, -1.61237642e-01,
          -1.32633404e-10, -2.98918772e-11, 1.14707865e-01,
          -2.05183678e-12, -4.78163342e-11, 1.61010742e-01,
          1.14707865e-01, 2.98498171e-11, -9.42330360e-02,
          -1.61010742e-01, -4.78163342e-11, -2.98498171e-11,
          1.14707865e-01, 6.31973016e-11, -5.19433385e-11,
          1.36571452e-01, 1.14707865e-01, 2.53190108e-11,
          -4.77777682e-02, -1.36571452e-01, -5.19433385e-11,
          -2.53190108e-11, 1.14707865e-01, 4.50065644e-11,
          -8.31093458e-11, 1.37218580e-01, 1.14707865e-01,
          2.54389825e-11, -9.66375023e-02, -1.37218580e-01,
          -8.31093458e-11, -2.54389825e-11, 1.14707865e-01,
          7.60840002e-11, -3.01698319e-11, 1.38145566e-01,
          1.14707865e-01, 2.56108381e-11, -1.41932279e-01,
          -1.38145566e-01, -3.01698319e-11, -2.56108381e-11,
          1.14707865e-01, 1.02389014e-10, 1.83295962e-10, 1.31244615e-01,
          1.14707865e-01, 2.43314709e-11, 1.85234815e-01,
          -1.31244615e-01, 1.83295962e-10, -2.43314709e-11,
          1.14707865e-01, 1.51091943e-12, -3.47237690e-11,
          1.61839291e-01, 1.14707865e-01, 3.00034234e-11, 1.43487334e-01,
          -1.61839291e-01, -3.47237690e-11, -3.00034234e-11,
          1.14707865e-01, 1.11950518e-10, -2.61851357e-11,
          1.61403194e-01, 1.14707865e-01, 2.99225714e-11, 9.32652876e-02,
          -1.61403194e-01, -2.61851357e-11, -2.99225714e-11,
          1.14707865e-01, 6.34238981e-11, 1.02463576e-11, 1.36769295e-01,
          1.14707865e-01, 2.53556898e-11, 4.68479767e-02,
          -1.36769295e-01, 1.02463567e-11, -2.53556898e-11,
          1.14707865e-01, -2.07424928e-11, -6.31858732e-11,
          1.37621015e-01, 1.14707865e-01, 2.55135895e-11, 9.58191454e-02,
          -1.37621015e-01, -6.31858732e-11, -2.55135895e-11,
          1.14707865e-01, 6.65101932e-11, 5.92011787e-11, 1.38736859e-01,
          1.14707865e-01, 2.57204587e-11, 1.41108677e-01,
          -1.38736859e-01, 5.92011787e-11, -2.57204587e-11,
          1.14707865e-01, 1.97191083e-10, 4.44008857e-11, 9.02012885e-02,
          1.14707865e-01, 1.67224377e-11, 1.47607788e-01,
          -9.02012885e-02, 4.44008857e-11, -1.67224377e-11,
          1.14707865e-01, 2.71569382e-11, -9.67711588e-12,
          1.08470410e-01, 1.14707865e-01, 2.01093534e-11, 1.08773731e-01,
          -1.08470410e-01, -9.67711588e-12, -2.01093534e-11,
          1.14707865e-01, -1.66041417e-11, 1.22387057e-11,
          8.93634781e-02, 1.14707865e-01, 1.65671140e-11, 6.75853789e-02,
          -8.93634781e-02, 1.22387057e-11, -1.65671140e-11,
          1.14707865e-01, -1.37844146e-11, 6.66013286e-11,
          7.84993172e-02, 1.14707865e-01, 1.45530081e-11, 1.08725227e-01,
          -7.84993172e-02, 6.66013286e-11, -1.45530081e-11,
          1.14707865e-01, 6.34497524e-11, 1.15556148e-10, 9.44544449e-02,
          1.14707865e-01, 1.75109337e-11, 1.08064435e-01,
          -9.44544449e-02, 1.15556148e-10, -1.75109337e-11,
          1.14707865e-01, 2.83791376e-11, -1.05309789e-10,
          8.95859748e-02, 1.14707865e-01, 1.66083623e-11,
          -1.48082539e-01, -8.95859748e-02, -1.05309789e-10,
          -1.66083623e-11, 1.14707865e-01, -1.13543744e-10,
          -7.57091959e-11, 1.08014792e-01, 1.14707865e-01,
          2.00248845e-11, -1.09392062e-01, -1.08014792e-01,
          -7.57091959e-11, -2.00248845e-11, 1.14707865e-01,
          5.65660886e-11, 6.54628391e-12, 8.90810713e-02, 1.14707865e-01,
          1.65147583e-11, -6.81010932e-02, -8.90810713e-02,
          6.54628391e-12, -1.65147583e-11, 1.14707865e-01,
          1.10940160e-10, -7.74169270e-11, 7.80450180e-02,
          1.14707865e-01, 1.44687821e-11, -1.08956821e-01,
          -7.80450180e-02, -7.74169270e-11, -1.44687821e-11,
          1.14707865e-01, -1.26596546e-11, -1.08725244e-10,
          9.40023661e-02, 1.14707865e-01, 1.74271188e-11,
          -1.08706199e-01, -9.40023661e-02, -1.08725244e-10,
          -1.74271188e-11, 1.14707865e-01, -4.25495680e-11,
          -1.44089411e-11, 9.29196775e-02, 1.14707865e-01,
          1.72263991e-11, 2.59187911e-02, -9.29196775e-02,
          -1.44089411e-11, -1.72263991e-11, 1.14707865e-01,
          3.51208472e-11, 1.50537850e-12, 3.50787491e-02, 1.14707865e-01,
          6.50325670e-12, 3.43575254e-02, -3.50787491e-02,
          1.50537850e-12, -6.50325670e-12, 1.14707865e-01,
          3.67881177e-11, 2.53312735e-11, -3.52225360e-03,
          1.14707865e-01, -6.52990899e-13, 7.15199336e-02,
          3.52225360e-03, 2.53312735e-11, 6.52990953e-13, 1.14707865e-01,
          9.50811044e-12, -1.89984556e-11, -2.95274258e-02,
